Please enter a radius: 
Circle Properties [r=1.000000]
Diameter: 2.000000
Circumference: 6.283000
Area: 3.141500
